output.txt will be created in the folder from where the program will be run.


command to run the program:
javac kmean.java

java kmean <no_of_clusters> http://www.utdallas.edu/~axn112530/cs6375/assignment5/test_data.txt .//output.txt


sample command:
javac kmean.java

java kmean 4 http://www.utdallas.edu/~axn112530/cs6375/assignment5/test_data.txt .//output.txt

Run1
———
Arguments:

4 http://www.utdallas.edu/~axn112530/cs6375/assignment5/test_data.txt .//output.txt

contents of output.txt
———
0	[4, 6, 8, 14, 22, 29, 30, 34, 42, 43, 44, 45, 46, 48, 61, 65, 66, 75, 78, 80, 85, 86, 89]
1	[5, 11, 12, 18, 19, 23, 26, 28, 33, 37, 38, 40, 50, 52, 53, 54, 56, 57, 62, 64, 72, 74, 76, 77, 84, 87, 88, 92, 96]
2	[2, 3, 10, 13, 15, 17, 20, 21, 24, 25, 27, 31, 32, 35, 36, 39, 41, 47, 49, 51, 55, 58, 59, 63, 67, 68, 69, 70, 71, 73, 79, 81, 82, 83, 90, 91, 94, 95, 99]
3	[0, 1, 7, 9, 16, 60, 93, 97, 98]


SSE value: 1.6250026545445226

Run 2
———

Arguments:
5 http://www.utdallas.edu/~axn112530/cs6375/assignment5/test_data.txt .//output.txt

contents of output.txt
———————
0	[8, 14, 22, 29, 43, 44, 45, 46, 48, 65, 75, 80, 85, 89]
1	[0, 1, 7, 16, 60, 78, 93, 97, 98]
2	[2, 3, 10, 13, 15, 17, 20, 21, 24, 25, 27, 31, 32, 35, 36, 39, 41, 47, 49, 51, 55, 58, 59, 63, 67, 68, 69, 70, 71, 73, 79, 81, 82, 83, 90, 91, 94, 95, 99]
3	[4, 6, 30, 34, 42, 61, 66, 86]
4	[5, 9, 11, 12, 18, 19, 23, 26, 28, 33, 37, 38, 40, 50, 52, 53, 54, 56, 57, 62, 64, 72, 74, 76, 77, 84, 87, 88, 92, 96]

SSE Value: 1.5011423794261296


Run 3
———

Arguments:
7 http://www.utdallas.edu/~axn112530/cs6375/assignment5/test_data.txt .//output.txt

contents of output.txt
———————
0	[2, 13, 15, 17, 20, 24, 25, 39, 41, 49, 68, 73, 79, 99]
1	[5, 11, 12, 37, 55, 58, 74, 92, 96]
2	[4, 6, 8, 14, 22, 29, 30, 34, 42, 43, 44, 45, 46, 48, 61, 65, 66, 75, 78, 80, 85, 86, 89]
3	[0, 1, 7, 9, 16, 18, 19, 23, 26, 28, 33, 38, 40, 50, 52, 53, 54, 56, 57, 60, 62, 64, 72, 76, 77, 84, 87, 88, 93, 97, 98]
4	[3, 10, 31, 51, 59, 63, 69, 70, 91]
5	[21, 27, 32, 36, 47, 67, 71, 82, 83, 90, 94, 95]
6	[35, 81]


SSE Value: 1.2183181911273633

Run 4
———

Arguments:
9 http://www.utdallas.edu/~axn112530/cs6375/assignment5/test_data.txt .//output.txt

contents of output.txt
———————
0	[13, 17, 20, 24, 25, 32, 39, 41, 49, 68, 73, 79, 83, 90, 99]
1	[2, 3, 10, 15, 31, 51, 55, 58, 59, 63, 69]
2	[19, 40, 53, 54, 76]
3	[18, 26, 38, 57, 72, 77, 84, 87, 88]
4	[9, 16, 93]
5	[0, 1, 7, 23, 28, 33, 50, 52, 56, 60, 62, 64, 97, 98]
6	[4, 6, 8, 14, 22, 29, 30, 34, 42, 43, 44, 45, 46, 48, 61, 65, 66, 75, 78, 80, 85, 86, 89]
7	[5, 11, 12, 37, 74, 92, 96]
8	[21, 27, 35, 36, 47, 67, 70, 71, 81, 82, 91, 94, 95]


SSE Value:0.8950165847181807


Run 5
———

Arguments:
15 http://www.utdallas.edu/~axn112530/cs6375/assignment5/test_data.txt .//output.txt

contents of output.txt
———————
0	[2, 15, 24, 25, 41, 55, 79, 99]
1	[31, 51, 58]
2	[8, 43, 48]
3	[4, 6, 42, 61, 66, 86]
4	[47, 81]
5	[17, 20, 68, 73]
6	[0, 1, 7, 16, 52, 56, 60, 93, 97, 98]
7	[35, 36, 94, 95]
8	[5, 11, 12, 23, 28, 33, 37, 50, 62, 64, 74, 92, 96]
9	[13, 32, 39, 49, 82, 83, 90]
10	[3, 10, 21, 59, 63, 69]
11	[27, 67, 70, 71, 91]
12	[30, 78]
13	[9, 18, 19, 26, 38, 40, 53, 54, 57, 72, 76, 77, 84, 87, 88]
14	[14, 22, 29, 34, 44, 45, 46, 65, 75, 80, 85, 89]


SSE Value:0.510087382875458

